$ANSIBLE_VAULT;1.1;AES256
62616362656363393738333036356438633436336532636337383835313438373638353836323866
6639316164663534383166363165663038386530636130380a343432653739323537623438353230
31633165616334333339653135373165383631663962313332343865613636316133313661353536
6465386535356635360a336137323461356634626363396638343135323365333664613865363431
63343438623335646331333764653433313161356566356538376164353065383933333137636636
35613433666431323238333234333932663564356562623339316131663437393139396334663439
34336363326133366364613032373563666363633537613035646463343632663937336434366333
61373937353232623732616630636136663465633334623366396466356664363635396133663636
35613431663666643338623235643166666434343965623432303730383739366437346239323933
30353733323535393433663733623435326535633539396431346665636230616362623731663430
65316432636335343266383065663838303230616437613932663833613434656166363930366530
31663232643233393966323339353436663632313966653264336634343963333565326239646261
31303238383736663762613438383733643837626231643631396461333763616462313839383739
66623439316530353431656435326438306532396438326466396339333635313964326334313039
32623365366134303432383262316237616666343133653230626235393565313436656135313161
36396231343739383430633939346137376630366639663964386633333434396238343564616538
66623732333731306363613062366466643462636662386538316331333133616332323338393664
34373863336332663236346137353839376136396134626365323438366261393761656465303730
62636534326366643735343064643633326264616464663133653165323662613836636534643736
37326461326264653730
